%% 2.2

%% Initial Conditions
x0 = ...
    [0,0,-1800 %m
    0, 0.02780, 0 %rad
    20.99, 0, 0.5837 %m/s
    0, 0 0 %rad/s
    ]';
u0 = [0.1079, 0, 0, 0.3182]'; %rad